# timestamp,step,shoulder_pan,shoulder_lift,elbow_flex,wrist_flex,wrist_roll,gripper
0.0019,0,4.3815,-98.6777,24.5368,-87.5934,-2.6507,1.5430
0.0346,1,4.3815,-98.6777,24.5368,-87.5934,-2.6507,1.5430
0.0683,2,4.3815,-98.6777,24.5368,-87.5934,-2.6507,1.5430
0.1019,3,4.3815,-98.6777,24.5368,-87.5934,-2.6507,1.5430
0.1351,4,4.3815,-98.6777,24.5368,-87.5934,-2.6507,1.5430
0.1685,5,4.3815,-98.6777,24.5368,-87.5934,-2.6507,1.5430
0.2017,6,4.3815,-98.6777,24.5368,-87.5934,-2.6507,1.5430
0.2354,7,4.3815,-98.6777,24.5368,-87.5934,-2.6507,1.5430
0.2688,8,4.3815,-98.6777,24.5368,-87.5934,-2.6507,1.5430
0.3021,9,4.3815,-98.6777,24.5368,-87.5934,-2.6507,1.5430
0.3356,10,4.3815,-98.6777,24.5368,-87.5934,-2.6507,1.5430
0.3690,11,4.3815,-98.6777,24.5368,-87.5934,-2.6507,1.5430
0.4025,12,4.3815,-98.6777,24.5368,-87.5934,-2.6507,1.5430
0.4360,13,4.3815,-98.6777,24.5368,-87.5934,-2.6507,1.5430
0.4693,14,4.3815,-98.6777,24.5368,-87.5934,-2.6507,1.5430
0.5026,15,4.3815,-98.6777,24.5368,-87.5934,-2.6507,1.5430
0.5360,16,4.3815,-98.6777,24.5368,-87.5934,-2.6507,1.5430
0.5694,17,4.3815,-98.6777,24.5368,-87.5934,-2.6507,1.5430
0.6029,18,4.3815,-98.6777,24.5368,-87.5934,-2.6507,1.5430
0.6364,19,4.3815,-98.6777,24.5368,-87.5934,-2.6507,1.5430
0.6697,20,4.3815,-98.6777,24.5368,-87.5934,-2.6507,1.5430
0.7034,21,4.3815,-98.6777,24.5368,-87.5934,-2.6507,1.5430
0.7367,22,4.3815,-98.6777,24.5368,-87.5934,-2.6507,1.5430
0.7703,23,4.3815,-98.6777,24.5368,-87.5934,-2.6507,1.5430
0.8034,24,4.3815,-98.6777,24.5368,-87.5934,-2.6507,1.5430
0.8370,25,4.3815,-98.6777,24.5368,-87.5934,-2.6507,1.5430
0.8700,26,4.3815,-98.6777,24.5368,-87.5934,-2.6507,1.5430
0.9040,27,4.3815,-98.6777,24.5368,-87.5934,-2.6507,1.5430
0.9372,28,4.3815,-98.6777,24.5368,-87.5934,-2.6507,1.5430
0.9706,29,4.3815,-98.6777,24.5368,-87.5934,-2.6507,1.5430
1.0042,30,4.3815,-98.6777,24.5368,-87.5934,-2.6507,1.5430
1.0371,31,4.3815,-98.6777,24.5368,-87.5934,-2.6507,1.5430
1.0710,32,4.3815,-98.6777,24.5368,-87.5934,-2.6507,1.5430
1.1042,33,4.3815,-98.6777,24.5368,-87.5934,-2.5988,1.5430
1.1379,34,4.3815,-98.6777,24.5368,-87.5934,-2.5988,1.5430
1.1710,35,4.3815,-98.6777,24.5368,-87.5934,-2.5988,1.5430
1.2046,36,4.3815,-98.6777,24.5368,-87.5934,-2.5988,1.5430
1.2380,37,4.3815,-98.6777,24.5368,-87.5934,-2.5988,1.5430
1.2714,38,4.3815,-98.6777,24.5368,-87.5934,-2.5988,1.5430
1.3049,39,4.3815,-98.6777,24.5368,-87.5934,-2.5988,1.5430
1.3385,40,4.3815,-98.6777,24.5368,-87.5934,-2.7027,1.5430
1.3719,41,4.3815,-98.6777,24.5368,-87.5934,-2.7027,1.5430
1.4055,42,4.3815,-98.6777,24.5368,-87.5934,-2.7027,1.5430
1.4388,43,4.3815,-98.6777,24.5368,-87.5934,-2.7027,1.5430
1.4722,44,4.3815,-98.6777,24.5368,-87.5934,-2.7027,1.5430
1.5054,45,4.3815,-98.6777,24.4465,-87.5934,-2.7027,1.5430
1.5389,46,4.3815,-98.6777,24.4465,-87.5934,-2.7027,1.5430
1.5723,47,4.3815,-98.6777,24.4465,-87.5934,-2.7027,1.5430
1.6058,48,4.3815,-98.6777,24.4465,-87.5934,-2.7027,1.5430
1.6393,49,4.3815,-98.6777,24.3561,-87.5934,-2.7027,1.5430
1.6727,50,4.3815,-98.6777,24.3561,-87.5934,-2.7027,1.5430
1.7059,51,4.3815,-98.6777,24.3561,-87.5934,-2.7027,1.5430
1.7397,52,4.3815,-98.5124,24.2657,-87.5994,-2.6507,1.5430
1.7731,53,4.3815,-98.3471,24.2657,-87.6176,-2.3389,1.5430
1.8064,54,4.3815,-98.0165,24.2657,-87.6781,-2.2869,1.5430
1.8398,55,4.3815,-97.0248,23.9946,-87.7507,-2.2349,1.5430
1.8730,56,4.3815,-95.2893,22.7293,-87.8232,-2.2349,1.5430
1.9067,57,4.3815,-92.8099,20.6507,-87.8958,-2.2349,1.5430
1.9399,58,4.3815,-89.4215,18.2106,-87.9684,-2.2349,1.5430
1.9734,59,4.3815,-85.7851,15.2282,-88.0410,-2.2349,1.5430
2.0066,60,4.3815,-81.9835,11.8843,-88.1197,-2.2349,1.5430
2.0403,61,4.4591,-78.4298,8.3597,-88.1801,-2.1830,1.5430
2.0737,62,4.4591,-74.7107,4.7447,-88.2346,-2.1830,1.5430
2.1072,63,4.5366,-71.0744,0.5874,-88.2588,-2.1830,1.5430
2.1406,64,4.5366,-67.6033,-3.5698,-88.2588,-2.1830,1.5430
2.1740,65,4.6142,-64.1322,-7.6367,-88.2588,-2.1310,1.5430
2.2074,66,4.6917,-60.9091,-11.6132,-88.2588,-1.9751,1.5430
2.2411,67,5.2346,-58.1818,-15.4993,-88.2588,-1.2994,1.5430
2.2746,68,6.7080,-55.2893,-18.8432,-88.2588,-0.3638,1.5430
2.3079,69,9.0345,-52.7273,-21.7352,-88.2769,0.5198,1.5430
2.3412,70,11.9814,-50.0000,-24.6272,-88.2951,0.9875,1.5430
2.3749,71,15.0834,-47.5207,-27.6096,-88.3193,1.2474,1.5430
2.4083,72,18.3404,-45.1240,-30.0497,-88.3495,1.5593,1.5430
2.4417,73,21.6751,-43.2231,-32.3091,-88.3798,2.0270,1.5430
2.4751,74,24.6219,-41.7355,-34.1166,-88.4221,2.5468,1.5430
2.5084,75,27.4913,-40.7438,-35.3818,-88.4644,3.1705,1.5430
2.5415,76,29.8953,-40.2479,-36.0145,-88.4826,3.8462,1.5430
2.5753,77,32.0667,-40.1653,-36.1952,-88.4826,4.6258,1.5430
2.6087,78,34.0830,-40.1653,-36.1952,-88.4826,5.7173,1.5430
2.6422,79,36.1768,-40.3306,-36.1952,-88.4826,6.9647,1.5430
2.6756,80,38.4257,-40.4132,-36.1048,-88.4826,8.1081,1.5430
2.7090,81,40.5196,-40.4132,-35.9241,-88.4765,8.9917,1.5430
2.7422,82,43.0012,-40.4132,-35.4722,-88.4705,9.8233,1.5430
2.7758,83,45.6378,-40.3306,-35.2915,-88.4463,10.6549,1.5430
2.8093,84,48.2745,-40.1653,-35.0203,-88.4403,11.2786,1.5430
2.8426,85,50.4459,-40.1653,-34.0262,-88.4403,12.0062,1.5430
2.8759,86,52.5397,-40.1653,-32.7610,-88.4463,12.9938,1.5430
2.9095,87,54.3234,-40.1653,-31.2246,-88.4463,14.1372,1.5430
2.9431,88,55.7968,-40.1653,-29.3267,-88.4584,15.4886,1.5430
2.9776,89,57.3478,-40.1653,-27.4288,-88.4644,16.8399,1.5430
3.0099,90,58.7437,-40.0826,-25.4406,-88.4765,18.1913,1.5430
3.0434,91,59.8294,-39.8347,-23.4523,-88.4826,19.4906,1.5430
3.0765,92,60.5273,-38.8430,-22.0063,-88.4826,20.8420,1.5430
3.1107,93,60.9926,-37.6033,-21.3737,-88.4886,21.9854,1.5430
3.1435,94,61.4579,-35.4545,-21.3737,-88.4886,23.0769,1.5430
3.1769,95,61.9232,-33.2231,-21.8256,-88.5189,24.0125,1.5430
3.2104,96,62.4661,-31.5702,-21.6448,-88.6399,24.8441,1.5430
3.2437,97,62.8538,-29.7521,-21.2833,-88.8032,25.4158,1.5430
3.2773,98,63.2416,-27.6033,-21.2833,-88.9907,25.7277,1.5430
3.3107,99,63.7844,-25.7025,-21.2833,-89.1903,25.9875,1.5430
3.3441,100,64.1722,-23.8843,-21.2833,-89.3779,26.1954,1.5430
3.3777,101,64.2497,-22.2314,-21.2833,-89.5412,26.5593,1.5430
3.4111,102,64.3273,-20.8264,-21.2833,-89.6864,26.9751,1.5430
3.4444,103,64.8701,-19.7521,-21.2833,-89.7952,27.5468,1.5430
3.4779,104,65.1803,-18.5950,-21.2833,-89.8497,28.1705,1.5430
3.5114,105,65.3354,-17.3554,-21.2833,-89.8678,28.8981,1.5430
3.5449,106,65.4905,-16.2810,-21.1930,-89.8678,29.7817,1.5430
3.5783,107,66.3435,-14.6281,-21.1026,-89.8678,30.8212,1.5430
3.6115,108,67.0415,-12.6446,-21.1026,-89.8678,31.9647,1.5430
3.6453,109,67.4292,-10.7438,-21.1026,-89.8678,33.3160,1.5430
3.6784,110,68.3598,-8.7603,-21.1026,-89.8678,34.8753,1.5430
3.7118,111,69.1353,-6.6116,-21.1026,-89.8678,36.4865,1.5430
3.7452,112,69.7557,-4.4628,-21.1026,-89.8678,37.9938,1.5430
3.7789,113,70.2986,-2.6446,-21.1026,-89.8678,39.5010,1.5430
3.8124,114,70.4537,-0.8264,-21.1026,-89.8678,40.9044,1.5430
3.8457,115,70.5312,0.9091,-21.1026,-89.8678,42.1518,1.5430
3.8789,116,70.5312,2.3140,-21.1026,-89.8678,43.1393,1.5430
3.9121,117,70.4537,3.4711,-21.1026,-89.8678,43.9189,1.5430
3.9458,118,70.2210,4.7934,-21.1930,-89.8678,44.3867,1.5430
3.9793,119,69.9108,6.1157,-21.2833,-89.8739,44.6985,1.5430
4.0128,120,69.6782,7.4380,-21.4641,-89.8739,45.0624,1.5430
4.0463,121,69.1353,8.6777,-21.7352,-89.8799,45.3742,1.5430
4.0794,122,68.9027,9.7521,-21.7352,-89.9223,45.6341,1.5430
4.1130,123,68.8251,10.6612,-21.6448,-89.9949,45.6861,1.5430
4.1465,124,68.7476,11.6529,-21.6448,-90.0795,45.7380,1.5430
4.1799,125,68.6700,12.6446,-21.6448,-90.1642,45.7900,1.5430
4.2130,126,68.6700,13.5537,-21.6448,-90.2489,45.7900,1.5430
4.2468,127,68.6700,14.3802,-21.6448,-90.3215,45.8420,1.5430
4.2802,128,68.7476,15.0413,-21.6448,-90.3699,46.2578,1.5430
4.3136,129,68.7476,15.7851,-21.6448,-90.3941,47.0894,1.5430
4.3473,130,68.7476,16.4463,-21.6448,-90.4122,48.1289,1.5430
4.3806,131,68.7476,17.1074,-21.6448,-90.4183,49.2204,1.5430
4.4139,132,68.7476,17.7686,-21.6448,-90.4183,50.3119,1.5430
4.4473,133,68.7476,18.4298,-21.6448,-90.4183,51.2474,1.5430
4.4808,134,68.7476,19.0909,-21.6448,-90.4183,52.2349,1.5430
4.5142,135,68.7476,19.7521,-21.6448,-90.4183,53.2744,1.5430
4.5478,136,68.7476,20.3306,-21.6448,-90.4183,54.3659,1.5430
4.5813,137,68.8251,20.9091,-21.4641,-90.4183,55.4054,1.5430
4.6143,138,68.8251,21.3223,-21.2833,-90.4122,56.5489,1.5430
4.6483,139,68.9027,22.1488,-21.1930,-90.4122,57.6403,1.5430
4.6815,140,68.9027,23.0579,-21.1930,-90.4122,58.4200,1.5430
4.7149,141,68.9027,23.8843,-21.1930,-90.4122,58.9917,1.5430
4.7481,142,68.8251,24.7107,-21.1930,-90.4122,59.1476,1.5430
4.7818,143,68.6700,25.5372,-21.1930,-90.4122,59.1476,1.5430
4.8153,144,68.5925,26.4463,-21.1930,-90.4122,59.1476,1.5430
4.8487,145,68.5149,27.3554,-21.1930,-90.4122,58.9397,1.5430
4.8823,146,68.4374,28.2645,-21.1930,-90.4122,58.8877,1.5430
4.9156,147,68.4374,29.1736,-21.1930,-90.4122,58.8358,1.5430
4.9489,148,68.3598,30.1653,-21.1026,-90.4062,58.7838,1.5430
4.9823,149,68.1272,30.9091,-21.0122,-90.4001,58.7318,1.5430
5.0158,150,67.9721,31.5702,-21.0122,-90.3880,58.2640,1.5430
5.0490,151,67.5068,32.0661,-21.0122,-90.3880,57.0686,1.5430
5.0828,152,66.8864,32.3967,-21.0122,-90.3880,55.1975,1.5430
5.1163,153,66.0333,32.7273,-21.0122,-90.3880,53.0146,1.5430
5.1493,154,64.8701,32.8099,-21.0122,-90.3880,50.9356,1.5430
5.1830,155,63.7844,32.8926,-21.0122,-90.3699,48.8565,1.5430
5.2165,156,62.5436,33.2231,-21.0122,-90.3639,47.1414,1.5430
5.2498,157,61.2253,33.5537,-21.0122,-90.3578,45.7380,1.5430
5.2833,158,59.9069,33.6364,-21.0122,-90.3578,44.7505,1.5430
5.3168,159,58.5886,33.7190,-21.0122,-90.3578,43.9709,1.5430
5.3503,160,57.2703,33.9669,-21.0122,-90.3578,43.3472,1.5430
5.3838,161,55.9519,34.1322,-21.1930,-90.3578,42.6715,1.5430
5.4174,162,54.8662,34.2149,-21.3737,-90.3578,42.0478,1.5430
5.4501,163,53.8581,34.2975,-21.4641,-90.3639,41.1123,1.5430
5.4839,164,52.8499,34.3802,-21.4641,-90.3639,40.0728,1.5430
5.5174,165,51.9969,34.4628,-21.4641,-90.3639,39.0333,1.5430
5.5508,166,51.2990,34.5455,-21.5545,-90.3639,37.8898,1.5430
5.5842,167,50.6786,34.8760,-21.7352,-90.3639,36.7464,1.5430
5.6176,168,50.2133,35.1240,-21.8256,-90.3699,35.7588,1.5430
5.6514,169,49.9806,35.1240,-21.8256,-90.3699,34.8753,1.5430
5.6844,170,49.7480,35.2066,-21.8256,-90.3820,33.9917,1.5430
5.7179,171,49.7480,35.2893,-21.9160,-90.4062,33.0042,1.5430
5.7513,172,49.7480,35.5372,-22.2775,-90.4183,31.9127,1.5430
5.7849,173,49.9806,35.7025,-23.2716,-90.4183,30.6133,1.5430
5.8184,174,50.3684,36.2810,-24.3561,-90.4183,29.0541,1.5430
5.8517,175,50.9112,36.5289,-25.9828,-90.4183,27.1830,1.5430
5.8846,176,51.6867,36.9421,-27.3385,-90.4183,25.2079,1.5430
5.9184,177,52.5397,37.0248,-29.0556,-90.4183,23.1809,1.5430
5.9519,178,53.5479,37.1074,-30.5920,-90.4183,21.1019,1.5430
5.9853,179,54.6336,37.1074,-31.9476,-90.4183,19.0748,1.5430
6.0187,180,55.7968,37.1074,-33.3936,-90.4183,16.8399,1.5430
6.0521,181,57.0376,37.0248,-34.6588,-90.4183,14.5530,1.5430
6.0857,182,58.5111,36.9421,-35.6530,-90.4183,12.2661,1.5430
6.1187,183,59.9069,36.6942,-36.5567,-90.4183,10.1871,1.5430
6.1524,184,61.3804,36.4463,-37.0990,-90.4183,8.0042,1.5430
6.1858,185,62.6987,36.2810,-37.4605,-90.4122,6.1331,1.5430
6.2193,186,63.9395,35.7851,-38.0027,-90.4122,4.6258,1.5430
6.2528,187,65.0252,35.2066,-38.1835,-90.4062,3.2225,1.5430
6.2863,188,65.9558,34.5455,-38.2738,-90.4062,2.0270,1.5430
6.3195,189,66.6537,33.5537,-38.2738,-90.4062,1.1435,1.5430
6.3529,190,67.0415,32.4793,-38.2738,-90.4062,0.4678,1.5430
6.3863,191,67.1190,31.2397,-38.2738,-90.4062,0.0000,1.5430
6.4200,192,67.1190,29.7521,-38.2738,-90.4001,-0.2599,1.5430
6.4534,193,67.0415,28.0165,-38.2738,-90.4001,-0.4678,1.5430
6.4868,194,66.8864,26.1983,-38.2738,-90.4001,-0.7277,1.5430
6.5203,195,66.6537,24.5455,-38.2738,-90.4001,-1.1954,1.5430
6.5536,196,66.4986,22.8926,-38.2738,-90.4062,-1.9231,1.5430
6.5867,197,66.4211,21.5702,-38.2738,-90.4062,-2.5988,1.5430
6.6204,198,66.4211,20.4132,-38.3642,-90.4062,-3.2744,1.5430
6.6539,199,66.4211,19.3388,-38.3642,-90.4062,-3.6902,1.5430
6.6874,200,66.4986,18.4298,-38.3642,-90.4062,-3.9501,1.5430
6.7206,201,66.5762,17.6860,-38.3642,-90.4062,-4.1060,1.5430
6.7544,202,66.5762,16.9421,-38.3642,-90.4001,-4.1060,1.5430
6.7878,203,66.5762,16.2810,-38.3642,-90.4001,-4.1060,1.5430
6.8209,204,66.5762,15.6198,-38.3642,-90.4062,-4.1060,1.5430
6.8545,205,66.5762,14.9587,-38.3642,-90.4062,-4.1060,1.5430
6.8878,206,66.5762,14.2975,-38.4546,-90.4122,-4.1060,1.5430
6.9215,207,66.6537,13.5537,-38.5450,-90.4122,-4.1060,1.5430
6.9548,208,66.8088,13.0579,-39.0872,-90.4122,-4.1060,1.5430
6.9883,209,66.9639,12.9752,-39.8102,-90.4122,-4.1060,1.5430
7.0218,210,67.1190,12.9752,-41.1658,-90.4062,-4.1060,1.5430
7.0549,211,67.3517,12.9752,-42.5215,-90.4062,-4.1060,1.5430
7.0884,212,67.8170,12.9752,-43.6963,-90.4001,-4.0541,1.5430
7.1215,213,67.8945,12.9752,-44.9616,-90.4001,-4.0541,1.5430
7.1553,214,68.2823,12.9752,-46.2268,-90.4001,-4.0021,1.5430
7.1887,215,68.4374,12.9752,-47.4921,-90.4001,-3.9501,1.5430
7.2222,216,68.5925,12.9752,-48.7573,-90.4001,-3.8462,1.5430
7.2553,217,68.7476,12.9752,-50.1130,-90.4001,-3.7942,1.5430
7.2893,218,68.9802,12.8926,-51.3782,-90.3941,-3.7422,1.5430
7.3227,219,68.9802,12.4793,-52.3723,-90.3941,-3.7422,1.5430
7.3558,220,68.9802,12.1488,-53.0050,-90.3941,-3.7422,1.5430
7.3893,221,68.9802,11.6529,-53.6376,-90.3941,-3.7942,1.5430
7.4229,222,68.9802,10.9917,-53.9087,-90.3941,-3.8981,1.5430
7.4564,223,68.8251,10.3306,-53.9087,-90.3941,-3.9501,1.5430
7.4897,224,68.5925,9.6694,-53.9087,-90.3820,-4.0021,1.5430
7.5232,225,68.3598,9.0909,-53.9087,-90.3759,-4.0021,1.5430
7.5564,226,67.8945,8.6777,-53.9087,-90.3639,-4.0021,1.5430
7.5898,227,67.1966,8.1818,-53.9087,-90.3578,-4.0021,1.5430
7.6234,228,66.6537,7.4380,-53.9087,-90.3518,-4.0541,1.5430
7.6568,229,65.8007,6.6942,-53.9087,-90.3518,-4.0541,1.5430
7.6903,230,64.9477,5.7851,-53.9087,-90.3518,-4.0541,1.5430
7.7238,231,64.1722,4.8760,-53.9087,-90.3518,-4.0541,1.5430
7.7572,232,63.3191,4.0496,-53.9087,-90.3518,-4.1060,1.5430
7.7903,233,62.8538,3.3884,-53.9087,-90.3518,-4.1580,1.5430
7.8241,234,62.3885,2.8099,-53.9087,-90.3518,-4.1580,1.5430
7.8573,235,61.8457,2.3140,-53.9087,-90.3518,-4.2100,1.5430
7.8909,236,61.7681,1.8182,-53.9087,-90.3518,-4.2100,1.5430
7.9244,237,61.3028,1.3223,-53.9087,-90.3518,-4.2100,1.5430
7.9577,238,60.7600,0.7438,-53.9087,-90.3518,-4.2100,1.5430
7.9914,239,60.2171,0.0826,-53.9087,-90.3518,-4.2100,1.5430
8.0248,240,59.3641,-0.4959,-53.9087,-90.3518,-4.2100,1.5430
8.0582,241,58.2009,-1.2397,-53.9087,-90.3518,-4.2100,1.5430
8.0915,242,57.0376,-1.8182,-53.9087,-90.3518,-4.2100,1.5430
8.1249,243,55.7193,-2.4793,-53.9087,-90.3518,-4.2100,1.5430
8.1585,244,54.3234,-3.1405,-53.9087,-90.3518,-4.2100,1.5430
8.1920,245,52.8499,-3.7190,-53.9087,-90.3518,-4.1580,1.5430
8.2254,246,51.4541,-4.2149,-53.9087,-90.3518,-4.1580,1.5430
8.2586,247,50.2133,-4.6281,-53.9087,-90.3518,-4.1580,1.5430
8.2922,248,48.8949,-5.0413,-53.9087,-90.3518,-4.1580,1.5430
8.3255,249,47.5766,-5.5372,-53.9087,-90.3518,-4.1580,1.5430
8.3592,250,46.3358,-5.9504,-53.9087,-90.3518,-4.1580,1.5430
8.3923,251,45.0174,-6.1157,-53.9087,-90.3518,-4.1580,1.5430
8.4257,252,43.6216,-6.5289,-53.9087,-90.3518,-4.1580,1.5430
8.4596,253,42.2257,-6.7769,-53.8183,-90.3457,-4.1580,1.5430
8.4929,254,40.8298,-7.0248,-53.8183,-90.3457,-4.1580,1.5430
8.5263,255,39.3563,-7.1901,-53.8183,-90.3457,-4.1580,1.5430
8.5597,256,37.7278,-7.3554,-53.8183,-90.3397,-4.1580,1.5430
8.5932,257,36.0993,-7.5207,-53.8183,-90.3034,-4.1580,1.5430
8.6263,258,34.1605,-7.5207,-53.8183,-90.2671,-4.1580,1.5430
8.6600,259,32.1442,-7.7686,-53.9087,-90.2187,-4.1580,1.5430
8.6933,260,30.0504,-7.9339,-53.9087,-90.1703,-4.1580,1.5430
8.7268,261,27.9566,-8.0992,-53.9087,-90.1279,-4.1580,1.5430
8.7605,262,25.7076,-8.4298,-53.9087,-90.0916,-4.2100,1.5430
8.7934,263,23.4587,-8.5950,-53.8183,-90.0553,-4.2100,1.5430
8.8272,264,21.1322,-8.5950,-53.9087,-90.0312,-4.2100,1.5430
8.8605,265,18.9608,-8.6777,-53.9087,-90.0312,-4.2100,1.5430
8.8939,266,17.0221,-8.6777,-53.9087,-90.0312,-4.2100,1.5430
8.9272,267,15.0058,-8.6777,-53.9087,-90.0312,-4.2100,1.5430
8.9608,268,13.1446,-8.6777,-53.9087,-90.0312,-4.2100,1.5430
8.9945,269,11.3610,-8.6777,-53.9087,-90.0312,-4.2100,1.5430
9.0277,270,9.6549,-8.6777,-53.9087,-90.0312,-4.2100,1.5430
9.0612,271,8.0264,-8.6777,-53.9087,-90.0312,-4.2100,1.5430
9.0942,272,6.2427,-8.6777,-53.9087,-90.0312,-4.2100,1.5430
9.1279,273,4.5366,-8.5950,-53.9087,-90.0312,-4.2100,1.5430
9.1611,274,2.8306,-8.5124,-53.8183,-90.0312,-4.2100,1.5430
9.1948,275,1.2020,-8.4298,-53.8183,-90.0312,-4.2100,1.5430
9.2282,276,-0.4265,-8.2645,-53.8183,-90.0312,-4.2100,1.5430
9.2619,277,-2.1326,-8.2645,-53.8183,-90.0312,-4.2100,1.5430
9.2952,278,-3.8387,-8.2645,-53.8183,-90.0312,-4.2100,1.5430
9.3283,279,-5.4672,-8.1818,-53.7280,-90.0312,-4.2100,1.5430
9.3620,280,-7.1733,-8.1818,-53.7280,-90.0372,-4.2100,1.5430
9.3955,281,-9.1121,-8.1818,-53.7280,-90.0372,-4.2100,1.5430
9.4290,282,-11.0508,-8.1818,-53.7280,-90.0372,-4.2100,1.5430
9.4623,283,-13.1446,-8.1818,-53.5472,-90.0372,-4.2100,1.5430
9.4959,284,-15.1609,-8.0992,-53.5472,-90.0372,-4.2100,1.5430
9.5293,285,-17.3323,-8.0992,-53.5472,-90.0372,-4.1580,1.5430
9.5628,286,-19.3486,-8.0165,-53.4568,-90.0372,-4.0021,1.5430
9.5962,287,-21.5200,-7.9339,-53.4568,-90.0372,-3.8981,1.5430
9.6292,288,-23.5363,-7.3554,-53.6376,-90.0372,-3.8462,1.5430
9.6630,289,-25.2423,-7.1901,-53.6376,-90.0493,-3.8462,1.5430
9.6963,290,-26.8709,-6.8595,-53.5472,-90.0674,-3.8462,1.5430
9.7299,291,-28.4994,-6.1157,-53.7280,-90.0795,-3.8462,1.5430
9.7631,292,-29.9729,-5.6198,-53.9087,-90.0916,-3.7942,1.5430
9.7969,293,-31.2912,-5.1240,-53.9087,-90.0977,-3.7942,1.5430
9.8303,294,-32.6871,-4.7107,-53.9087,-90.0977,-3.7942,1.5430
9.8637,295,-33.9279,-4.2975,-53.9087,-90.0977,-3.7942,1.5430
9.8969,296,-35.0136,-3.8843,-53.9087,-90.0977,-3.7942,1.5430
9.9304,297,-36.0217,-3.5537,-53.9087,-90.1037,-3.7422,1.5430
9.9638,298,-36.9523,-3.0579,-53.9087,-90.1219,-3.7422,1.5430
9.9974,299,-37.9604,-2.5620,-53.9087,-90.1642,-3.7422,1.5430
10.0309,300,-38.7359,-2.0661,-53.9087,-90.2126,-3.7422,1.5430
10.0642,301,-39.5890,-1.4050,-53.9087,-90.2731,-3.7422,1.5430
10.0978,302,-40.3645,-0.7438,-53.9087,-90.3397,-3.7422,1.5430
10.1313,303,-41.2951,0.0000,-53.9087,-90.4001,-3.7422,1.5430
10.1640,304,-42.1481,0.5785,-53.9087,-90.4546,-3.7422,1.5430
10.1980,305,-43.0787,1.2397,-53.9087,-90.5030,-3.7422,1.5430
10.2316,306,-44.0869,1.9835,-53.9991,-90.5514,-3.6902,1.5430
10.2648,307,-45.0174,2.6446,-54.0895,-90.5937,-3.6902,1.5430
10.2982,308,-45.8705,3.3884,-54.1798,-90.6482,-3.6383,1.5430
10.3318,309,-46.7235,4.1322,-54.1798,-90.7086,-3.6383,1.5430
10.3652,310,-47.3439,4.8760,-54.1798,-90.7752,-3.5343,1.5430
10.3987,311,-47.9643,5.7025,-54.1798,-90.8236,-2.9106,1.5430
10.4320,312,-48.7398,6.4463,-54.2702,-90.8720,-2.1310,1.5430
10.4655,313,-49.2827,7.2727,-54.2702,-90.9264,-1.4033,1.5430
10.4991,314,-49.6704,8.0992,-54.2702,-90.9990,-0.8836,1.5430
10.5323,315,-49.9806,8.7603,-54.2702,-91.0837,-0.5198,1.5430
10.5659,316,-50.1357,9.5868,-54.2702,-91.1744,-0.2079,1.5430
10.5991,317,-50.3684,10.5785,-54.2702,-91.2591,0.1040,1.5430
10.6329,318,-50.4459,11.4050,-54.2702,-91.3257,0.5717,1.5430
10.6662,319,-50.8337,12.2314,-54.2702,-91.3680,1.1954,1.5430
10.6996,320,-51.1439,12.8926,-54.2702,-91.3922,1.8191,1.5430
10.7329,321,-51.3765,13.7190,-54.2702,-91.4164,2.3389,1.5430
10.7663,322,-51.6867,14.3802,-54.2702,-91.4527,2.8067,1.5430
10.7999,323,-51.7642,15.0413,-54.2702,-91.4829,3.2225,1.5430
10.8332,324,-51.7642,15.7851,-54.2702,-91.5253,3.5863,1.5430
10.8666,325,-51.7642,16.4463,-54.2702,-91.5858,4.0021,1.5430
10.8998,326,-51.7642,17.1901,-54.2702,-91.6523,4.5218,1.5430
10.9335,327,-51.7642,17.7686,-54.2702,-91.7128,5.0416,1.5430
10.9669,328,-51.7642,18.2645,-54.2702,-91.7733,5.5613,1.5430
11.0002,329,-51.9969,18.7603,-54.2702,-91.8398,6.1850,1.5430
11.0338,330,-52.4622,19.2562,-54.2702,-91.8882,6.8607,1.5430
11.0673,331,-52.5397,19.8347,-54.2702,-91.9306,7.4324,1.5430
11.1008,332,-52.8499,20.4132,-54.2702,-91.9729,8.0042,1.5430
11.1338,333,-53.2377,20.9091,-54.2702,-92.0092,8.5759,1.5430
11.1673,334,-53.3152,21.4876,-54.2702,-92.0334,9.1476,1.5430
11.2009,335,-53.6254,21.9835,-54.2702,-92.0697,9.8753,1.5430
11.2345,336,-53.9356,22.2314,-54.2702,-92.1060,10.6029,1.5430
11.2679,337,-54.0907,22.6446,-54.2702,-92.1302,11.3306,1.5430
11.3008,338,-54.7111,22.9752,-54.2702,-92.1604,12.1102,1.5430
11.3347,339,-55.0989,23.1405,-54.2702,-92.1846,13.2017,1.5430
11.3681,340,-55.5642,23.2231,-54.2702,-92.1846,14.4491,1.5430
11.4015,341,-56.1846,23.4711,-54.2702,-92.1846,15.8004,1.5430
11.4346,342,-56.4948,23.9669,-54.2702,-92.1846,17.1518,1.5430
11.4684,343,-56.6499,24.2149,-54.2702,-92.1846,18.5031,1.5430
11.5019,344,-57.0376,24.3802,-54.2702,-92.1967,19.9064,1.5430
11.5352,345,-57.1152,24.5455,-54.2702,-92.2330,21.1538,1.5430
11.5689,346,-57.1152,24.9587,-54.2702,-92.2814,22.4532,1.5430
11.6021,347,-57.1152,25.3719,-54.2702,-92.3298,23.8565,1.5430
11.6358,348,-57.1152,25.4545,-54.2702,-92.3721,25.3638,1.5430
11.6689,349,-57.1927,25.5372,-54.2702,-92.3963,26.7152,1.5430
11.7025,350,-57.1927,25.7025,-54.2702,-92.3963,28.1185,1.5430
11.7359,351,-57.1927,26.1157,-54.2702,-92.3963,29.4179,1.5430
11.7691,352,-57.1927,26.2810,-54.2702,-92.3963,30.5613,1.5430
11.8029,353,-57.1927,26.3636,-54.2702,-92.3963,31.7048,1.5430
11.8360,354,-57.1927,26.4463,-54.2702,-92.3963,32.7963,1.5430
11.8695,355,-57.1927,26.8595,-54.2702,-92.3963,33.7838,1.5430
11.9029,356,-57.1927,27.0248,-54.2702,-92.3963,34.6674,1.5430
11.9365,357,-57.1927,27.1074,-54.2702,-92.3963,35.6029,1.5430
11.9697,358,-57.1927,27.3554,-54.0895,-92.3963,36.4345,1.5430
12.0035,359,-57.1927,27.7686,-54.1798,-92.3963,37.1622,1.5430
12.0368,360,-57.1927,27.8512,-54.1798,-92.3963,37.9418,1.5430
12.0701,361,-57.1927,27.8512,-54.1798,-92.3963,38.7734,1.5430
12.1036,362,-57.1927,27.9339,-54.1798,-92.3963,39.6050,1.5430
12.1369,363,-57.1927,27.9339,-54.0895,-92.3903,40.4366,1.5430
12.1703,364,-57.1927,28.1818,-53.9991,-92.3903,41.4241,1.5430
12.2038,365,-57.1927,28.4298,-53.9991,-92.3903,42.6195,1.5430
12.2372,366,-57.1927,28.5950,-53.9991,-92.3903,43.9709,1.5430
12.2705,367,-57.1927,28.6777,-53.8183,-92.3903,45.4262,1.5430
12.3041,368,-57.1927,28.6777,-53.6376,-92.3903,46.7775,1.5430
12.3375,369,-57.1927,28.6777,-53.6376,-92.3903,47.9210,1.5430
12.3710,370,-57.1927,28.8430,-53.6376,-92.3903,48.7526,1.5430
12.4044,371,-57.1927,29.1736,-53.7280,-92.3903,49.4283,1.5430
12.4379,372,-57.1927,29.2562,-53.8183,-92.3903,50.0000,1.5430
12.4711,373,-57.1927,29.2562,-53.8183,-92.3903,50.4158,1.5430
12.5049,374,-57.1927,29.3388,-53.8183,-92.3903,50.7796,1.5430
12.5383,375,-57.1927,29.3388,-53.8183,-92.3903,51.1435,1.5430
12.5719,376,-57.2703,29.3388,-53.8183,-92.3903,51.4033,1.5430
12.6053,377,-57.2703,29.3388,-53.8183,-92.3903,51.5593,1.5430
12.6387,378,-57.2703,29.3388,-53.8183,-92.3903,51.6112,1.5430
12.6718,379,-57.2703,29.3388,-53.8183,-92.3903,51.6112,1.5430
12.7054,380,-57.2703,29.3388,-53.8183,-92.3903,51.5073,1.5430
12.7392,381,-57.2703,29.3388,-53.8183,-92.3903,51.2994,1.5430
12.7722,382,-57.2703,29.3388,-53.9087,-92.3963,51.1954,1.5430
12.8053,383,-57.2703,29.3388,-54.0895,-92.3963,50.8316,1.5430
12.8394,384,-57.1927,29.3388,-54.1798,-92.3963,49.6362,1.5430
12.8728,385,-57.1152,29.0083,-54.1798,-92.4024,47.4012,1.5430
12.9060,386,-56.9601,28.6777,-54.2702,-92.4024,44.4906,1.5430
12.9394,387,-56.8050,28.4298,-54.4510,-92.4024,41.2682,1.5430
12.9726,388,-56.7274,27.9339,-55.2643,-92.4024,37.9418,1.5430
13.0063,389,-56.4172,27.6860,-56.1681,-92.4024,34.1996,1.5430
13.0400,390,-55.7968,27.5207,-57.1622,-92.4024,30.7173,1.5430
13.0732,391,-55.4866,27.5207,-58.6986,-92.4024,27.8067,1.5430
13.1064,392,-54.9438,27.5207,-60.2350,-92.3963,25.0520,1.5430
13.1402,393,-54.4009,27.5207,-61.5002,-92.3963,22.7131,1.5430
13.1737,394,-53.7805,27.5207,-62.5847,-92.3963,20.7900,1.5430
13.2070,395,-53.2377,27.3554,-63.3077,-92.3903,19.4387,1.5430
13.2406,396,-52.8499,26.5289,-63.6692,-92.3842,18.2952,1.5430
13.2737,397,-52.2295,25.6198,-63.6692,-92.3540,17.3077,1.5430
13.3073,398,-51.7642,24.2975,-63.6692,-92.3419,16.4761,1.5430
13.3407,399,-51.2990,22.9752,-63.6692,-92.3298,15.5405,1.5430
13.3742,400,-50.6010,21.3223,-63.6692,-92.3116,14.8129,1.5430
13.4077,401,-50.0582,19.4215,-63.6692,-92.2572,14.4491,1.5430
13.4409,402,-49.5153,17.3554,-63.6692,-92.1544,14.2931,1.5430
13.4745,403,-48.8174,15.0413,-63.6692,-92.0273,14.2931,1.5430
13.5079,404,-47.8868,12.5620,-63.6692,-91.8943,14.2931,1.5430
13.5413,405,-46.8011,9.9174,-63.6692,-91.7672,14.2412,1.5430
13.5748,406,-45.6378,7.1901,-63.6692,-91.6523,14.2412,1.5430
13.6083,407,-44.2420,4.3802,-63.6692,-91.5374,14.2412,1.5430
13.6414,408,-42.6910,1.7355,-63.6692,-91.4406,14.2412,1.5430
13.6752,409,-41.1400,-1.0744,-63.5789,-91.3377,14.2412,1.5430
13.7086,410,-39.2788,-3.4711,-63.5789,-91.2228,14.2412,1.5430
13.7417,411,-37.1074,-5.7851,-63.5789,-91.0958,14.2412,1.5430
13.7752,412,-34.8585,-8.0992,-63.5789,-90.9627,14.2412,1.5430
13.8088,413,-32.3769,-10.1653,-63.4885,-90.8357,14.2412,1.5430
13.8422,414,-29.2749,-11.9008,-63.3981,-90.7026,14.2412,1.5430
13.8757,415,-25.8627,-13.8017,-63.3981,-90.5756,14.0852,1.5430
13.9092,416,-22.6832,-15.8678,-63.3981,-90.4304,13.3576,1.5430
13.9424,417,-19.0384,-17.6860,-63.3981,-90.2792,12.0582,1.5430
13.9760,418,-15.0058,-19.7521,-63.3077,-90.1098,10.4990,1.5430
14.0092,419,-11.1283,-21.8182,-63.2174,-89.8860,9.1476,1.5430
14.0428,420,-8.0264,-23.5537,-63.2174,-89.6198,7.9522,1.5430
14.0764,421,-5.6999,-25.4545,-63.2174,-89.3295,7.0166,1.5430
14.1098,422,-3.9938,-27.3554,-63.2174,-89.0512,6.3410,1.5430
14.1432,423,-3.0632,-29.4215,-63.2174,-88.7367,5.7692,1.5430
14.1766,424,-2.6755,-31.4876,-63.2174,-88.4221,5.1455,1.5430
14.2100,425,-2.5204,-33.6364,-63.2174,-88.1257,4.3139,1.5430
14.2437,426,-2.4428,-35.7025,-63.1270,-87.8656,3.3264,1.5430
14.2768,427,-2.4428,-37.6033,-63.1270,-87.6176,2.2869,1.5430
14.3103,428,-2.4428,-39.5041,-62.0425,-87.5571,1.0395,1.5430
14.3436,429,-2.4428,-41.8182,-60.0542,-87.5752,0.3119,1.5430
14.3772,430,-2.3653,-43.8017,-57.3430,-87.5752,-0.0520,1.5430
14.4107,431,-2.3653,-46.1983,-53.3665,-87.5752,-0.1559,1.5430
14.4440,432,-2.3653,-49.0083,-48.5766,-87.5752,-0.2599,1.5430
14.4771,433,-2.3653,-52.1488,-42.5215,-87.5813,-0.5717,1.5430
14.5116,434,-2.3653,-55.8678,-36.2856,-87.5813,-1.1435,1.5430
14.5445,435,-2.3653,-59.5868,-29.7786,-87.5813,-1.6112,1.5430
14.5779,436,-2.3653,-63.8017,-23.7235,-87.5813,-1.8711,1.5430
14.6112,437,-2.3653,-68.0165,-17.5779,-87.5813,-2.0790,1.5430
14.6445,438,-2.3653,-71.6529,-11.7939,-87.5813,-2.3909,1.5430
14.6783,439,-2.3653,-75.6198,-6.5522,-87.5813,-2.5988,1.5430
14.7114,440,-2.3653,-79.4215,-1.4008,-87.5813,-2.5988,1.5430
14.7449,441,-2.3653,-83.1405,2.9372,-87.5813,-2.5988,1.5430
14.7781,442,-2.2877,-86.1983,6.8233,-87.5813,-2.5988,1.5430
14.8118,443,-2.2877,-88.8430,10.1672,-87.5813,-2.4948,1.5430
14.8453,444,-2.2877,-91.0744,13.1496,-87.5813,-2.3909,1.5430
14.8787,445,-2.2877,-92.5620,15.4089,-87.5813,-2.3909,1.5430
14.9123,446,-2.2877,-93.9669,17.3068,-87.5813,-2.3909,1.5430
14.9456,447,-2.2877,-95.0413,19.2047,-87.5813,-2.3909,1.5430
14.9790,448,-2.2877,-96.2810,21.1026,-87.5813,-2.3389,1.5430
15.0121,449,-2.2877,-97.8512,23.2716,-87.5813,-2.2869,1.5430
15.0459,450,-2.2877,-98.8430,23.9946,-87.5873,-2.2349,1.6165
15.0792,451,-2.0551,-98.8430,24.0850,-87.5873,-2.2349,1.6165
15.1128,452,-1.5898,-98.8430,24.0850,-87.5873,-2.2349,1.6165
15.1463,453,-0.8918,-98.8430,24.0850,-87.5873,-2.2349,1.6165
15.1795,454,0.0388,-98.8430,24.0850,-87.5873,-2.1830,1.6165
15.2130,455,0.7367,-98.8430,24.0850,-87.5873,-2.1830,1.6165
15.2464,456,1.2020,-98.8430,24.0850,-87.5873,-2.1830,1.6165
15.2798,457,1.3571,-98.8430,24.0850,-87.5873,-2.1830,1.6165
15.3130,458,1.3571,-98.8430,24.0850,-87.5873,-2.1830,1.6165
15.3470,459,1.4347,-98.8430,24.0850,-87.5873,-2.1830,1.6165
15.3803,460,1.4347,-98.8430,24.0850,-87.5873,-2.1830,1.6165
15.4138,461,1.4347,-98.8430,24.1753,-87.5873,-2.1830,1.6165
15.4471,462,1.4347,-98.8430,24.1753,-87.5873,-2.1830,1.6165
15.4807,463,1.4347,-98.8430,24.1753,-87.5873,-2.1830,1.6165
15.5138,464,1.4347,-98.8430,24.1753,-87.5873,-2.1830,1.6165
15.5475,465,1.4347,-98.8430,24.1753,-87.5873,-2.2349,1.6165
15.5809,466,1.4347,-98.8430,24.1753,-87.5873,-2.2869,1.6165
15.6140,467,1.4347,-98.8430,24.3561,-87.5873,-2.2869,1.6165
15.6478,468,1.4347,-98.8430,24.3561,-87.5873,-2.2869,1.6165
15.6813,469,1.4347,-98.8430,24.3561,-87.5873,-2.2869,1.6165
15.7143,470,1.4347,-98.8430,24.3561,-87.5873,-2.2869,1.6165
15.7479,471,1.4347,-98.8430,24.3561,-87.5873,-2.2869,1.6165
15.7815,472,1.4347,-98.8430,24.3561,-87.5873,-2.2869,1.6165
15.8148,473,1.4347,-98.8430,24.3561,-87.5873,-2.2869,1.6165
15.8480,474,1.4347,-98.8430,24.3561,-87.5873,-2.2869,1.6165
15.8818,475,1.4347,-98.8430,24.3561,-87.5873,-2.2869,1.6165
15.9153,476,1.4347,-98.8430,24.3561,-87.5873,-2.2869,1.6165
15.9488,477,1.4347,-98.8430,24.3561,-87.5873,-2.2869,1.6165
15.9821,478,1.4347,-98.8430,24.3561,-87.5873,-2.2869,1.6165
16.0150,479,1.4347,-98.8430,24.3561,-87.5873,-2.2869,1.6165
16.0487,480,1.4347,-98.8430,24.3561,-87.5873,-2.2869,1.6165
16.0823,481,1.4347,-98.8430,24.3561,-87.5873,-2.2869,1.6165
16.1157,482,1.4347,-98.8430,24.3561,-87.5873,-2.2869,1.6165
16.1490,483,1.4347,-98.8430,24.3561,-87.5873,-2.2869,1.6165
16.1830,484,1.4347,-98.8430,24.3561,-87.5873,-2.2869,1.6165
16.2161,485,1.4347,-98.8430,24.3561,-87.5873,-2.2869,1.6165
16.2495,486,1.4347,-98.8430,24.3561,-87.5873,-2.2869,1.6165
16.2831,487,1.4347,-98.8430,24.3561,-87.5873,-2.2869,1.6165
16.3162,488,1.4347,-98.8430,24.3561,-87.5873,-2.2869,1.6165
16.3498,489,1.4347,-98.8430,24.3561,-87.5873,-2.2869,1.6165
16.3833,490,1.4347,-98.8430,24.3561,-87.5873,-2.2869,1.6165
16.4167,491,1.4347,-98.8430,24.3561,-87.5873,-2.2869,1.6165
16.4499,492,1.4347,-98.8430,24.3561,-87.5873,-2.2869,1.6165
16.4835,493,1.4347,-98.8430,24.3561,-87.5873,-2.2869,1.6165
16.5170,494,1.4347,-98.8430,24.3561,-87.5873,-2.2869,1.6165
16.5505,495,1.4347,-98.8430,24.3561,-87.5873,-2.2869,1.6165
16.5838,496,1.4347,-98.8430,24.3561,-87.5873,-2.2869,1.6165
16.6173,497,1.4347,-98.8430,24.3561,-87.5873,-2.2869,1.6165
16.6509,498,1.4347,-98.8430,24.3561,-87.5873,-2.2869,1.6165
16.6842,499,1.4347,-98.8430,24.3561,-87.5873,-2.2869,1.6165
16.7177,500,1.4347,-98.8430,24.3561,-87.5873,-2.2869,1.6165
16.7510,501,1.4347,-98.8430,24.3561,-87.5873,-2.2869,1.6165
16.7845,502,1.4347,-98.8430,24.3561,-87.5873,-2.2869,1.6165
16.8178,503,1.4347,-98.8430,24.3561,-87.5873,-2.2869,1.6165
16.8509,504,1.4347,-98.8430,24.3561,-87.5873,-2.2869,1.6165
16.8848,505,1.4347,-98.8430,24.3561,-87.5873,-2.2869,1.6165
16.9182,506,1.4347,-98.8430,24.3561,-87.5873,-2.2869,1.6165
16.9518,507,1.4347,-98.8430,24.3561,-87.5873,-2.2869,1.6165
16.9847,508,1.4347,-98.8430,24.3561,-87.5873,-2.2869,1.6165
17.0184,509,1.4347,-98.8430,24.3561,-87.5873,-2.2869,1.6165
17.0519,510,1.4347,-98.8430,24.3561,-87.5873,-2.2869,1.6165
17.0852,511,1.4347,-98.8430,24.3561,-87.5873,-2.2869,1.6165
17.1188,512,1.4347,-98.8430,24.3561,-87.5873,-2.2869,1.6165
17.1524,513,1.4347,-98.8430,24.3561,-87.5873,-2.2869,1.6165
17.1857,514,1.4347,-98.8430,24.3561,-87.5873,-2.2869,1.6165
17.2187,515,1.4347,-98.8430,24.3561,-87.5873,-2.2869,1.6165
17.2523,516,1.4347,-98.8430,24.3561,-87.5873,-2.2869,1.6165
17.2857,517,1.4347,-98.8430,24.3561,-87.5873,-2.2869,1.6165
17.3192,518,1.4347,-98.8430,24.3561,-87.5873,-2.2869,1.6165
17.3527,519,1.4347,-98.8430,24.3561,-87.5873,-2.2869,1.6165
17.3858,520,1.4347,-98.8430,24.3561,-87.5873,-2.2869,1.6165
17.4195,521,1.4347,-98.8430,24.3561,-87.5873,-2.2869,1.6165
17.4531,522,1.4347,-98.8430,24.3561,-87.5873,-2.2869,1.6165
17.4864,523,1.4347,-98.8430,24.3561,-87.5873,-2.2869,1.6165
17.5195,524,1.4347,-98.8430,24.3561,-87.5873,-2.2869,1.6165
17.5534,525,1.4347,-98.8430,24.3561,-87.5873,-2.2869,1.6165
17.5870,526,1.4347,-98.8430,24.3561,-87.5873,-2.2869,1.6165
17.6202,527,1.4347,-98.8430,24.3561,-87.5873,-2.2869,1.6165
17.6539,528,1.4347,-98.8430,24.3561,-87.5873,-2.2869,1.6165
17.6870,529,1.4347,-98.8430,24.3561,-87.5873,-2.2869,1.6165
17.7209,530,1.4347,-98.8430,24.3561,-87.5873,-2.2869,1.6165
17.7542,531,1.4347,-98.8430,24.3561,-87.5873,-2.2869,1.6165
